1606715010.185167,0
1606715010.290224,20
1606715010.393119,52
1606715010.498385,88
1606715010.601632,100
1606715010.710515,100
1606715010.815161,100
1606715010.925803,100
1606715011.030791,100
1606715011.134305,100
1606715011.238461,100
1606715011.341930,100
1606715011.445665,100
1606715011.548125,100
1606715011.651891,100
1606715011.753872,100
1606715011.858976,100
1606715011.961847,100
1606715012.065351,100
1606715012.167936,100
1606715012.275625,100
1606715012.382090,100
1606715012.487648,100
1606715012.590593,100
1606715012.693462,100
1606715012.797223,100
1606715012.900617,100
1606715013.015819,100
1606715013.142863,52
1606715013.258993,96
1606715013.370048,96
1606715013.473838,75
1606715013.580631,56
1606715013.683995,44
1606715013.788125,28
1606715013.892197,30
1606715013.998841,31
1606715014.102262,29
1606715014.209035,27
1606715014.318117,23
1606715014.469515,20
1606715014.573254,20
1606715014.677356,22
1606715014.783162,27
1606715014.896086,35
1606715014.998003,41
1606715015.108845,43
1606715015.214906,46
1606715015.316854,55
1606715015.421111,51
1606715015.524452,43
1606715015.626446,49
1606715015.729829,63
1606715015.831960,58
1606715015.940884,44
1606715016.055950,42
1606715016.160728,42
1606715016.263226,42
1606715016.368397,42
1606715016.475989,30
1606715016.580106,29
1606715016.682928,43
1606715016.786584,44
1606715016.891578,44
1606715016.995673,44
1606715017.102650,45
1606715017.210271,47
1606715017.315801,47
1606715017.419215,52
1606715017.539716,56
1606715017.642831,66
1606715017.748163,75
1606715017.851909,66
1606715017.956182,48
1606715018.057973,47
1606715018.161787,47
1606715018.273248,47
1606715018.379211,47
1606715018.481890,47
1606715018.587609,48
1606715018.699371,48
1606715018.803288,48
1606715018.909534,48
1606715019.013374,49
1606715019.117519,50
1606715019.225064,51
1606715019.329878,61
1606715019.433212,63
1606715019.536346,61
1606715019.638251,71
1606715019.743190,82
1606715019.847694,79
1606715019.949810,52
1606715020.053586,52
1606715020.157963,51
1606715020.262667,51
1606715020.365288,51
1606715020.468546,51
1606715020.570576,52
1606715020.674216,52
1606715020.776174,52
1606715020.878949,52
1606715020.982136,52
1606715021.085217,53
1606715021.187187,53
1606715021.291965,54
1606715021.404602,60
1606715021.511424,63
1606715021.619488,70
1606715021.728185,74
1606715021.831348,82
1606715021.934048,83
1606715022.037271,55
1606715022.139399,55
1606715022.241412,56
1606715022.344245,56
1606715022.448188,56
1606715022.552372,56
1606715022.660005,56
1606715022.768383,57
1606715022.870490,57
1606715022.976100,56
1606715023.083015,56
1606715023.192525,56
1606715023.296806,57
1606715023.400185,64
1606715023.503097,67
1606715023.607084,67
1606715023.713050,77
1606715023.819688,86
1606715023.928214,86
1606715024.032486,67
1606715024.139378,60
1606715024.248140,58
1606715024.351880,58
1606715024.459783,59
1606715024.562032,59
1606715024.666019,60
1606715024.770283,60
1606715024.875392,60
1606715024.981711,60
1606715025.085388,60
1606715025.188190,61
1606715025.291982,62
1606715025.401422,72
1606715025.509010,71
1606715025.612979,71
1606715025.715620,81
1606715025.818284,82
1606715025.924772,90
1606715026.028151,87
1606715026.132277,63
1606715026.248217,61
1606715026.352061,61
1606715026.464084,61
1606715026.572387,62
1606715026.676304,63
1606715026.780110,63
1606715026.881989,63
1606715026.985416,63
1606715027.089004,64
1606715027.191899,64
1606715027.298863,65
1606715027.401698,71
1606715027.504334,71
1606715027.609814,74
1606715027.713087,82
1606715027.817439,85
1606715027.920733,94
1606715028.028223,93
1606715028.136594,68
1606715028.238404,66
1606715028.340392,65
1606715028.443013,65
1606715028.548748,66
1606715028.657684,66
1606715028.762404,66
1606715028.865411,65
1606715028.968683,65
1606715029.078337,65
1606715029.183748,66
1606715029.292076,67
1606715029.400459,73
1606715029.515760,74
1606715029.623758,77
1606715029.731440,86
1606715029.838333,88
1606715029.941724,94
1606715030.044225,94
1606715030.148832,73
1606715030.256344,68
1606715030.360205,68
1606715030.464960,69
1606715030.571702,71
1606715030.680150,71
1606715030.798430,70
1606715030.911482,68
1606715031.017715,68
1606715031.121420,68
1606715031.232814,69
1606715031.345575,71
1606715031.450813,77
1606715031.556519,77
1606715031.661363,80
1606715031.767446,90
1606715031.869899,90
1606715031.972051,97
1606715032.074077,94
1606715032.179352,80
1606715032.284313,79
1606715032.388824,71
1606715032.492265,71
1606715032.599783,71
1606715032.708569,72
1606715032.821402,72
1606715032.930030,72
1606715033.032181,72
1606715033.134934,72
1606715033.240596,73
1606715033.343800,72
1606715033.447808,79
1606715033.555716,79
1606715033.659902,83
1606715033.764076,83
1606715033.870579,93
1606715033.981160,100
1606715034.084500,95
1606715034.186664,95
1606715034.288821,87
1606715034.392970,87
1606715034.496812,74
1606715034.600126,74
1606715034.703082,74
1606715034.812782,74
1606715034.921467,76
1606715035.028180,76
1606715035.141539,76
1606715035.248168,76
1606715035.352313,76
1606715035.454375,81
1606715035.557721,81
1606715035.664403,86
1606715035.768431,85
1606715035.871035,96
1606715035.976120,96
1606715036.079694,94
1606715036.183697,94
1606715036.286363,94
1606715036.388277,94
1606715036.492318,77
1606715036.600236,77
1606715036.704523,77
1606715036.806418,77
1606715036.909228,77
1606715037.011125,78
1606715037.113406,78
1606715037.222166,78
1606715037.324802,79
1606715037.438843,79
1606715037.543356,85
1606715037.650842,88
1606715037.761096,88
1606715037.866031,98
1606715037.972807,98
1606715038.075853,94
1606715038.183461,94
1606715038.287424,98
1606715038.392145,99
1606715038.506542,83
1606715038.626930,79
1606715038.743676,79
1606715038.845755,79
1606715038.951637,80
1606715039.059883,81
1606715039.162555,81
1606715039.267609,84
1606715039.375852,84
1606715039.481844,88
1606715039.586040,87
1606715039.690039,91
1606715039.794198,91
1606715039.899682,92
1606715040.014842,99
1606715040.118882,99
1606715040.222186,96
1606715040.329635,96
1606715040.431471,99
1606715040.533653,99
1606715040.638853,82
1606715040.741355,82
1606715040.843383,82
1606715040.945503,82
1606715041.047435,82
1606715041.149547,83
1606715041.252712,83
1606715041.354672,88
1606715041.457844,95
1606715041.559904,92
1606715041.665128,93
1606715041.780283,94
1606715041.897899,100
1606715042.002975,99
1606715042.116050,100
1606715042.228218,99
1606715042.334979,99
1606715042.443041,98
1606715042.547732,98
1606715042.650022,83
1606715042.752951,66
1606715042.854903,42
1606715042.956809,43
1606715043.058712,43
1606715043.160956,44
1606715043.268165,48
1606715043.370145,55
1606715043.472303,56
1606715043.574292,54
1606715043.676097,64
1606715043.778033,73
1606715043.880005,73
1606715043.982160,47
1606715044.105657,45
1606715044.218028,45
1606715044.322493,45
1606715044.430050,46
1606715044.532005,46
1606715044.634576,46
1606715044.736794,46
1606715044.838683,47
1606715044.940928,47
1606715045.042879,47
1606715045.146638,47
1606715045.248520,48
1606715045.352086,49
1606715045.454378,55
1606715045.556469,58
1606715045.658404,68
1606715045.764161,69
1606715045.866230,77
1606715045.970161,61
1606715046.073799,51
1606715046.175720,49
1606715046.277742,49
1606715046.383621,50
1606715046.486658,50
1606715046.589602,50
1606715046.693368,50
1606715046.795674,50
1606715046.897552,51
1606715046.999453,51
1606715047.108772,52
1606715047.210740,52
1606715047.316509,54
1606715047.419095,60
1606715047.529018,60
1606715047.635251,63
1606715047.748577,73
1606715047.856875,81
1606715047.958833,82
1606715048.063940,55
1606715048.171230,55
1606715048.273313,53
1606715048.377166,53
1606715048.479118,54
1606715048.581417,54
1606715048.684705,53
1606715048.788618,54
1606715048.890628,54
1606715048.992776,55
1606715049.099964,55
1606715049.203433,55
1606715049.312406,56
1606715049.414347,62
1606715049.516167,63
1606715049.629572,67
1606715049.734179,77
1606715049.836358,77
1606715049.961236,85
1606715050.073606,66
1606715050.177376,58
1606715050.279462,57
1606715050.392733,57
1606715050.509413,57
1606715050.617270,57
1606715050.729033,57
1606715050.830988,59
1606715050.933791,59
1606715051.040906,59
1606715051.144169,59
1606715051.251784,59
1606715051.363588,61
1606715051.465526,71
1606715051.574939,70
1606715051.686364,70
1606715051.793036,80
1606715051.897045,87
1606715052.004627,89
1606715052.106544,74
1606715052.226104,62
1606715052.339609,60
1606715052.443150,60
1606715052.547719,60
1606715052.652151,61
1606715052.754219,61
1606715052.856013,62
1606715052.960150,62
1606715053.074481,62
1606715053.182144,62
1606715053.295979,64
1606715053.397797,64
1606715053.499793,70
1606715053.602873,73
1606715053.704794,73
1606715053.806744,83
1606715053.920201,85
1606715054.022228,92
1606715054.135386,85
1606715054.237748,65
1606715054.341689,63
1606715054.444038,63
1606715054.546005,63
1606715054.647946,64
1606715054.756466,64
1606715054.858478,64
1606715054.960502,64
1606715055.068433,64
1606715055.173250,64
1606715055.277053,66
1606715055.393184,67
1606715055.500720,73
1606715055.610376,73
1606715055.714625,76
1606715055.816647,86
1606715055.920765,87
1606715056.022742,94
1606715056.139048,94
1606715056.240862,67
1606715056.343190,67
1606715056.449391,67
1606715056.562874,66
1606715056.664940,67
1606715056.767349,68
1606715056.869449,68
1606715056.971458,68
1606715057.073496,68
1606715057.175409,67
1606715057.277436,68
1606715057.383029,69
1606715057.497948,79
1606715057.600650,80
1606715057.710255,79
1606715057.812268,84
1606715057.913996,89
1606715058.030226,97
1606715058.133025,94
1606715058.237361,78
1606715058.340132,76
1606715058.443613,70
1606715058.545422,70
1606715058.649034,70
1606715058.755212,71
1606715058.857157,71
1606715058.959161,72
1606715059.061363,72
1606715059.163606,72
1606715059.265522,71
1606715059.374576,73
1606715059.476439,80
1606715059.583933,79
1606715059.686064,82
1606715059.802903,82
1606715059.915178,92
1606715060.032744,97
1606715060.147727,95
1606715060.259046,88
1606715060.362569,83
1606715060.465551,81
1606715060.570305,73
1606715060.675197,73
1606715060.779061,73
1606715060.881827,73
1606715060.987398,75
1606715061.089736,75
1606715061.197372,75
1606715061.306977,75
1606715061.408983,75
1606715061.524038,80
1606715061.638740,81
1606715061.740727,84
1606715061.885071,95
1606715061.987032,95
1606715062.090230,97
1606715062.192331,94
1606715062.294654,85
1606715062.396969,93
1606715062.498905,92
1606715062.610921,76
1606715062.713098,76
1606715062.816179,76
1606715062.919673,76
1606715063.021662,77
1606715063.123880,77
1606715063.225697,78
1606715063.332733,79
1606715063.438725,78
1606715063.541478,84
1606715063.643389,84
1606715063.745404,87
1606715063.847333,87
1606715063.949383,97
1606715064.052930,98
1606715064.159803,94
1606715064.263352,94
1606715064.365335,98
1606715064.468691,98
1606715064.570606,78
1606715064.674335,78
1606715064.786001,78
1606715064.889041,78
1606715065.003136,78
1606715065.107641,80
1606715065.209713,80
1606715065.316167,81
1606715065.420751,80
1606715065.522765,86
1606715065.630747,87
1606715065.732798,90
1606715065.836493,90
1606715065.938431,99
1606715066.040539,99
1606715066.142719,97
1606715066.244632,95
1606715066.346521,92
1606715066.448379,100
1606715066.550478,100
1606715066.652950,80
1606715066.754842,81
1606715066.856712,81
1606715066.963922,81
1606715067.065882,81
1606715067.172629,82
1606715067.276230,85
1606715067.383108,87
1606715067.485952,84
1606715067.588223,90
1606715067.690134,89
1606715067.792497,92
1606715067.894515,92
1606715067.996520,100
1606715068.108421,99
1606715068.217251,98
1606715068.320154,99
1606715068.432694,98
1606715068.540886,98
1606715068.645267,83
1606715068.749080,84
1606715068.858289,84
1606715068.969256,83
1606715069.095827,84
1606715069.212199,85
1606715069.331041,85
1606715069.440329,90
1606715069.548671,99
1606715069.652965,98
1606715069.763985,94
1606715069.865962,95
1606715069.973025,100
1606715070.075031,99
1606715070.176969,99
1606715070.278885,95
1606715070.381409,95
1606715070.495641,99
1606715070.603644,99
1606715070.709248,97
1606715070.824851,98
1606715070.933788,95
1606715071.044450,95
1606715071.152840,92
1606715071.264506,92
1606715071.368486,88
1606715071.472007,88
1606715071.575694,97
1606715071.677698,98
1606715071.804532,98
1606715071.917026,97
1606715072.022732,99
1606715072.134091,99
1606715072.239079,100
1606715072.341588,99
1606715072.444644,100
1606715072.559242,100
1606715072.706250,100
1606715072.817910,100
1606715072.922992,92
1606715073.024920,75
1606715073.126909,50
1606715073.228990,23
1606715073.336182,24
1606715073.438029,24
1606715073.548588,24
1606715073.651887,26
